424.375 31.980 14.993 0.060
530.960 60.507 14.492 0.040
365.750 68.965 15.090 0.064
250.504 76.439 15.450 0.091
378.779 92.826 12.799 0.008
554.598 123.439 14.779 0.047
397.966 125.495 15.395 0.086
908.815 176.875 16.007 0.155
141.246 179.471 15.955 0.152
535.389 200.883 16.059 0.145
294.675 277.586 13.763 0.020
596.363 339.408 10.720 0.002
387.771 407.883 15.021 0.064
226.394 459.292 14.691 0.049
599.444 468.363 12.888 0.008
705.347 527.644 14.720 0.052
535.089 546.453 15.066 0.065
324.711 565.493 13.607 0.017
527.911 661.492 13.470 0.014
413.053 667.069 15.245 0.077
888.369 692.328 10.885 0.002
880.068 697.500 12.219 0.006
515.255 715.356 14.864 0.051
18.355 724.155 14.766 0.048
797.403 750.500 14.900 0.056
384.389 811.453 13.732 0.018
659.024 819.611 14.059 0.025
218.426 821.573 15.642 0.110
262.277 839.563 15.597 0.102
703.791 852.329 15.487 0.093
476.773 866.379 13.352 0.013
79.862 890.970 15.180 0.069
697.889 920.964 13.834 0.021
50.752 967.091 13.702 0.019
865.499 976.192 15.210 0.073
270.341 989.951 15.110 0.070
