312.046 30.898 14.382 0.085
785.510 63.492 12.355 0.014
640.120 75.714 15.174 0.178
644.934 105.562 15.208 0.187
250.493 113.488 12.260 0.013
344.480 116.890 13.488 0.040
603.322 119.941 13.271 0.034
222.478 129.444 13.427 0.038
630.258 176.196 15.130 0.173
713.843 188.084 13.967 0.058
502.040 207.513 13.770 0.047
794.280 208.412 15.294 0.197
948.199 235.360 15.060 0.170
174.436 237.846 14.326 0.091
35.209 238.813 12.707 0.020
38.877 244.428 12.922 0.023
673.529 250.964 14.520 0.100
528.589 265.680 15.186 0.193
598.709 265.575 14.773 0.119
646.488 270.671 11.834 0.008
288.233 341.016 14.559 0.105
295.068 357.660 13.153 0.030
753.547 379.485 14.106 0.068
755.767 401.980 15.257 0.195
459.530 411.354 14.941 0.138
94.762 455.335 14.548 0.102
316.625 462.059 15.007 0.150
940.450 461.986 12.264 0.012
588.065 493.487 14.829 0.143
515.881 508.628 11.082 0.005
355.194 583.683 13.417 0.038
952.469 599.430 14.390 0.083
389.133 681.506 14.593 0.104
957.599 694.458 14.898 0.130
52.303 703.529 10.294 0.003
748.463 705.380 13.343 0.036
235.328 705.594 13.428 0.038
52.875 708.866 10.273 0.003
291.580 783.329 14.626 0.117
986.776 784.494 14.700 0.118
385.599 800.438 13.012 0.026
166.601 813.226 13.621 0.051
211.496 847.058 14.458 0.097
582.429 902.255 15.295 0.198
48.096 955.290 13.324 0.034
210.611 976.332 14.819 0.128
839.577 976.986 13.758 0.049
1005.639 990.564 11.984 0.010
